1.0000000 0.0000000
0.9990134 0.0001845
0.9960574 0.0007371
0.9911436 0.0016557
0.9842916 0.0029379
0.9755283 0.0045811
0.9648883 0.0065839
0.9524136 0.0089469
0.9381534 0.0116752
0.9221640 0.0147785
0.9045085 0.0182732
0.8852567 0.0221791
0.8644844 0.0264824
0.8422736 0.0311369
0.8187120 0.0360963
0.7938927 0.0413287
0.7679134 0.0467863
0.7408769 0.0523896
0.7128897 0.0580490
0.6840623 0.0636741
0.6545085 0.0691774
0.6243450 0.0744748
0.5936907 0.0794706
0.5626667 0.0840742
0.5313953 0.0882115
0.5000000 0.0917995
0.4686048 0.0947526
0.4373334 0.0970037
0.4063094 0.0984946
0.3756551 0.0991743
0.3454915 0.0990032
0.3159378 0.0979820
0.2871104 0.0961988
0.2591232 0.0937290
0.2320866 0.0906149
0.2061074 0.0869122
0.1812880 0.0826896
0.1577265 0.0780091
0.1355157 0.0729347
0.1147434 0.0675100
0.0954915 0.0617748
0.0778360 0.0557932
0.0618467 0.0496261
0.0475865 0.0433229
0.0351118 0.0369633
0.0244717 0.0306673
0.0157084 0.0245904
0.0088564 0.0184698
0.0039426 0.0125233
0.0009866 0.0066287
0.0000000 0.0000000
0.0009866 -0.0048578
0.0039426 -0.0100588
0.0088564 -0.0151174
0.0157084 -0.0199694
0.0244717 -0.0244064
0.0351118 -0.0285899
0.0475865 -0.0327052
0.0618467 -0.0366627
0.0778360 -0.0404227
0.0954915 -0.0439713
0.1147434 -0.0472645
0.1355157 -0.0502647
0.1577265 -0.0529725
0.1812880 -0.0553950
0.2061074 -0.0574700
0.2320866 -0.0591351
0.2591232 -0.0603570
0.2871104 -0.0611089
0.3159378 -0.0613522
0.3454915 -0.0610186
0.3756551 -0.0600171
0.4063094 -0.0583578
0.4373334 -0.0561027
0.4686048 -0.0533048
0.5000000 -0.0500305
0.5313953 -0.0463607
0.5626667 -0.0423830
0.5936907 -0.0381857
0.6243450 -0.0338536
0.6545085 -0.0294677
0.6840623 -0.0251073
0.7128897 -0.0208519
0.7408769 -0.0167907
0.7679134 -0.0130123
0.7938927 -0.0095659
0.8187120 -0.0064812
0.8422736 -0.0038228
0.8644844 -0.0016398
0.8852567 0.0001109
0.9045085 0.0015076
0.9221640 0.0025265
0.9381534 0.0030371
0.9524136 0.0030074
0.9648883 0.0025563
0.9755283 0.0019262
0.9842916 0.0012880
0.9911436 0.0007401
0.9960574 0.0003316
0.9990134 0.0000831
1.0000000 0.0000000
