1.0000000 0.0000000
0.9990134 0.0001919
0.9960574 0.0007669
0.9911436 0.0017228
0.9842916 0.0030588
0.9755283 0.0047754
0.9648883 0.0068781
0.9524136 0.0093797
0.9381534 0.0123029
0.9221640 0.0156674
0.9045085 0.0194908
0.8852567 0.0237892
0.8644844 0.0285524
0.8422736 0.0337432
0.8187120 0.0393198
0.7938927 0.0452466
0.7679134 0.0514676
0.7408769 0.0578934
0.7128897 0.0644220
0.6840623 0.0709490
0.6545085 0.0773751
0.6243450 0.0836055
0.5936907 0.0895259
0.5626667 0.0950232
0.5313953 0.0999998
0.5000000 0.1043553
0.4686048 0.1079902
0.4373334 0.1108169
0.4063094 0.1127665
0.3756551 0.1137876
0.3454915 0.1138048
0.3159378 0.1127896
0.2871104 0.1108709
0.2591232 0.1081559
0.2320866 0.1046888
0.2061074 0.1005252
0.1812880 0.0957360
0.1577265 0.0903975
0.1355157 0.0845945
0.1147434 0.0783830
0.0954915 0.0718053
0.0778360 0.0649296
0.0618467 0.0578162
0.0475865 0.0505324
0.0351118 0.0431801
0.0244717 0.0358820
0.0157084 0.0288131
0.0088564 0.0217253
0.0039426 0.0147987
0.0009866 0.0081861
0.0000000 0.0000000
0.0009866 -0.0051358
0.0039426 -0.0111387
0.0088564 -0.0171581
0.0157084 -0.0231600
0.0244717 -0.0287603
0.0351118 -0.0340649
0.0475865 -0.0392879
0.0618467 -0.0443369
0.0778360 -0.0491611
0.0954915 -0.0537183
0.1147434 -0.0579592
0.1355157 -0.0618433
0.1577265 -0.0653660
0.1812880 -0.0685295
0.2061074 -0.0712521
0.2320866 -0.0734503
0.2591232 -0.0750849
0.2871104 -0.0761291
0.3159378 -0.0765432
0.3454915 -0.0762343
0.3756551 -0.0750611
0.4063094 -0.0730535
0.4373334 -0.0703183
0.4686048 -0.0669125
0.5000000 -0.0629153
0.5313953 -0.0584316
0.5626667 -0.0535662
0.5936907 -0.0484277
0.6243450 -0.0431270
0.6545085 -0.0377695
0.6840623 -0.0324539
0.7128897 -0.0272706
0.7408769 -0.0223211
0.7679134 -0.0177079
0.7938927 -0.0134912
0.8187120 -0.0097098
0.8422736 -0.0064348
0.8644844 -0.0037179
0.8852567 -0.0015093
0.9045085 0.0002788
0.9221640 0.0016248
0.9381534 0.0023949
0.9524136 0.0025594
0.9648883 0.0022484
0.9755283 0.0017213
0.9842916 0.0011599
0.9911436 0.0006688
0.9960574 0.0003000
0.9990134 0.0000752
1.0000000 0.0000000
