741.551971031684 -293.960154379215
740.166276594308 -293.83088076276
736.014749344733 -293.443073002572
729.113024300654 -292.799706921041
719.479911136091 -291.92266073767
707.134245714765 -290.857418970058
692.086271910723 -289.693456259508
674.328427627063 -288.58367157195
653.829315593507 -287.757093064087
630.608034506146 -287.353928688805
604.734580083261 -287.423705449432
576.315768917005 -287.956120444021
545.45218334835 -288.974128217579
512.253134996024 -290.501448556092
476.851202661187 -292.528747754169
439.410886999169 -294.99349813631
400.129169468731 -297.776146773385
359.237396570406 -300.697563199875
316.989962672637 -303.539565816335
273.658633448867 -306.058466588174
229.521569239115 -308.007112425357
184.844714805688 -309.174805630569
139.917961903212 -309.304943504952
95.0303033420455 -308.150045997924
50.4738926833884 -305.459522793975
6.53255724805535 -301.005114178164
-36.5227968601579 -294.588798601655
-78.4263081663636 -286.022754624618
-118.936827446986 -275.173568208449
-157.839121437656 -261.96100861102
-194.873334198174 -246.20180262746
-229.826980415391 -227.811756328896
-262.717400410157 -207.206606424536
-293.559443259689 -184.788467917592
-322.288145625064 -160.771345005491
-348.838836826904 -135.358219988044
-373.157641443239 -108.761720595131
-395.226458931359 -81.2597678850977
-415.060010087424 -53.1857931926805
-432.641400418444 -24.7869993228524
-447.8924122188 3.84435272301033
-460.78709815018 32.5193618550214
-471.331043956843 60.9993873949982
-479.545542124505 89.0333697162493
-485.468041532616 116.355537700102
-489.169542246952 142.649476888914
-490.810523085095 167.422966984806
-490.250250409462 190.875860305699
-487.313069653832 213.309987260696
-482.9719664759 232.506886458473
-474.26 255
-466.10463873085 269.863876447914
-454.445384190744 286.103841472787
-440.174456461489 301.781450183547
-423.188052221825 317.190138482487
-404.050001252736 331.168363157665
-383.090189647397 343.097345639361
-360.04509602245 353.697520211479
-335.056016927821 362.815116447162
-308.264955813725 370.318462610814
-279.810927538728 376.103576917346
-249.865160934697 380.017499167189
-218.594255165895 381.937621186073
-186.107740625149 381.886854060546
-152.499432102279 379.942041022201
-117.997792659917 375.898020860725
-82.8593417254159 369.504675337326
-47.2702678419594 360.681591101568
-11.3968377446948 349.40674013178
24.5641826391883 335.602216250206
60.349487021486 319.054088613397
95.6171707084178 299.382454418596
130.252770712003 276.720215122478
164.275182079233 251.501462522822
197.623692849991 223.988192631107
230.257452892232 194.4906047226
262.170887443464 163.397348524475
293.353717467587 131.087627458322
323.809120246899 97.9688265448355
353.554920805769 64.4768819351293
382.590917802256 31.0039157822198
410.911586331303 -2.0768718536342
438.50216383884 -34.4198717442847
465.366814702645 -65.6469570411845
491.509631216451 -95.3908581053599
516.887409472807 -123.402021512882
541.434641089017 -149.492287011881
565.121203790045 -173.41165540383
587.892616769898 -194.978987408057
609.583371852559 -214.276547211034
629.991750956512 -231.485272655859
649.052568691539 -246.503813641633
666.827824692163 -258.968586572971
683.267774380196 -268.785213142934
698.152934879197 -276.257287163362
711.136058192959 -281.994386784571
721.968078525416 -286.411980820849
730.494441357137 -289.740207281838
736.627048521725 -292.086980646323
740.319351388556 -293.491857673698
741.551971031684 -293.960154379215
