273.356062893504 -148.420232378751
282.13604064536 -130.963189747958
289.802556340485 -112.98929523862
296.325353743928 -94.5694836008738
301.67869035432 -75.7764494160423
305.841438997768 -56.6843602043325
308.797171207154 -37.368563719517
310.534222057793 -17.9052905857734
311.045736203562 1.62864654976309
310.329694931815 21.1561561614255
308.388924130324 40.6001720900471
305.231083134788 59.8839576878836
300.868634500936 78.9314086631038
295.318794820514 97.6673534286613
288.603466775259 116.017849770205
280.749152697024 133.91047666222
271.786849975181 151.274620080727
261.751928724088 168.041751684575
250.683992193401 184.145699265497
238.626720472149 199.522907899586
225.627698103372 214.112690769542
211.738226289671 227.857468667814
197.0131204308 240.70299723543
181.51049379232 252.598581039696
165.2915281591 263.497273645914
148.420232378751 273.356062893504
130.963189747958 282.13604064536
112.98929523862 289.802556340485
94.569483600874 296.325353743928
75.7764494160426 301.67869035432
56.6843602043328 305.841438997768
37.3685637195173 308.797171207154
17.9052905857738 310.534222057793
-1.62864654976258 311.045736203562
-21.156156161425 310.329694931815
-40.6001720900466 308.388924130324
-59.8839576878829 305.231083134788
-78.9314086631033 300.868634500937
-97.6673534286609 295.318794820514
-116.017849770205 288.603466775259
-133.91047666222 280.749152697024
-151.274620080726 271.786849975182
-168.041751684574 261.751928724088
-184.145699265497 250.683992193401
-199.522907899586 238.626720472149
-214.112690769542 225.627698103373
-227.857468667814 211.738226289672
-240.702997235429 197.0131204308
-252.598581039696 181.510493792321
-263.497273645913 165.2915281591
-273.356062893504 148.420232378752
-282.13604064536 130.963189747959
-289.802556340485 112.989295238621
-296.325353743928 94.5694836008747
-301.67869035432 75.7764494160433
-305.841438997768 56.6843602043334
-308.797171207154 37.3685637195182
-310.534222057793 17.9052905857747
-311.045736203562 -1.62864654976187
-310.329694931815 -21.1561561614243
-308.388924130324 -40.6001720900459
-305.231083134788 -59.8839576878821
-300.868634500937 -78.9314086631025
-295.318794820515 -97.66735342866
-288.60346677526 -116.017849770204
-280.749152697025 -133.910476662219
-271.786849975182 -151.274620080725
-261.751928724088 -168.041751684573
-250.683992193402 -184.145699265496
-238.62672047215 -199.522907899586
-225.627698103373 -214.112690769541
-211.738226289673 -227.857468667813
-197.013120430801 -240.702997235429
-181.510493792322 -252.598581039695
-165.291528159101 -263.497273645913
-148.420232378752 -273.356062893504
-130.963189747959 -282.13604064536
-112.989295238621 -289.802556340485
-94.5694836008746 -296.325353743928
-75.7764494160431 -301.67869035432
-56.6843602043331 -305.841438997768
-37.3685637195177 -308.797171207154
-17.9052905857737 -310.534222057794
1.62864654976266 -311.045736203562
21.1561561614252 -310.329694931815
40.600172090047 -308.388924130324
59.8839576878836 -305.231083134788
78.9314086631041 -300.868634500936
97.6673534286617 -295.318794820514
116.017849770206 -288.603466775259
133.910476662221 -280.749152697024
151.274620080727 -271.786849975181
168.041751684575 -261.751928724087
184.145699265498 -250.6839921934
199.522907899587 -238.626720472148
214.112690769543 -225.627698103371
227.857468667815 -211.73822628967
240.702997235431 -197.013120430798
252.598581039697 -181.510493792319
263.497273645915 -165.291528159098
273.356062893505 -148.42023237875
