495.506337216096 -44.6692643980336
494.738205086518 -44.7417701559949
492.4367804382 -44.9588631903799
488.611089798112 -45.3197440383476
483.276304884696 -45.8239409302707
476.453199765511 -46.4713375748849
468.168359534796 -47.2632727778662
458.453894917154 -48.2031319701217
447.347114987127 -49.2982471147796
434.890443648638 -50.5599662938963
421.131043668628 -52.005240433986
406.120970031998 -53.6540900691802
389.91921182896 -55.501231728267
372.59176175918 -57.5170105121475
354.208983046374 -59.6720920828963
334.84436957307 -61.9485420398717
314.576044430253 -64.3165744332864
293.488243459909 -66.7224911247119
271.66873864804 -69.1051198349921
249.208419861412 -71.4029545329584
226.200501195833 -73.5569391513932
202.740179926993 -75.5108224874916
178.92514567399 -77.1996263893192
154.854416922615 -78.5624302126426
130.626781259402 -79.5510282659101
106.342564970941 -80.1104851872859
82.1026582520803 -80.1839100550896
58.0064327553745 -79.7285534691001
34.1525635232913 -78.7084723355709
10.6382287823565 -77.0931448523401
-12.4411826677564 -74.8606857614459
-34.9944676641365 -72.0199355146406
-56.9386556393252 -68.646447365609
-78.1918050670492 -64.8058780833921
-98.6723477455641 -60.5383013418435
-118.302404972082 -55.8937981923841
-137.008372104136 -50.9320951140548
-154.719469521438 -45.7074899146006
-171.369114284816 -40.2754422273394
-186.89312988379 -34.675446397988
-201.231591729065 -28.9436766855217
-214.33078485886 -23.1344988332505
-226.14151769504 -17.2993969187656
-236.619079663656 -11.4805706338562
-245.72584715566 -5.74296257111061
-253.432592648623 -0.181857851876554
-259.717844079728 5.08076258045123
-264.536881362658 10.2436780856714
-267.884285535728 15.138280746326
-269.736538502618 19.8567535852406
-270.03 25
-268.93628249711 28.6500867226733
-266.311007240165 32.4256988669736
-262.196885845469 35.9559001510159
-256.613395592005 39.192908659533
-249.595648481945 41.9790607230616
-241.158803932722 44.4403940496836
-231.322257863076 46.7217025656428
-220.129840473251 48.7578149760067
-207.627493882466 50.5222688346998
-193.864338729104 52.0088053833653
-178.896874897138 53.1886039378209
-162.785902712537 54.0381751958813
-145.59407779976 54.5636843921032
-127.388119597439 54.7766837958949
-108.243403305912 54.6360223548178
-88.2393754019585 54.1007651562669
-67.4567467930138 53.1525539728874
-45.9791438961786 51.7783131082795
-23.8937711566873 49.9561843466163
-1.29258157410709 47.6418168852809
21.7289765188497 44.7736564199624
45.0803548503574 41.3677394439831
68.6732430180056 37.4799591912425
92.4177083987657 33.1594096386489
116.223756740514 28.4655335200731
140.002327441827 23.4688808132019
163.66459702445 18.2451514899608
187.122173546784 12.870546563079
210.287339868409 7.41850406498854
233.073032749303 1.95946938692238
255.393754691639 -3.43756676404129
277.165706311383 -8.70361384593854
298.307984071744 -13.7624576552012
318.742168904286 -18.5385732186359
338.390158916902 -22.9868763717933
357.175326151281 -27.0774686850779
375.027378341756 -30.7540898239739
391.878464816215 -33.9726657458085
407.658445292587 -36.760081072228
422.299090687819 -39.1705644187558
435.744031476043 -41.1806150903247
447.948925059924 -42.6854676802732
458.867695513046 -43.6562288952267
468.448959464085 -44.1799986260947
476.638164695562 -44.4389151532099
483.391252204027 -44.5608825274979
488.674878976595 -44.6188189679925
492.465031324914 -44.6484382056388
494.745269549928 -44.6641447714012
495.506337216096 -44.6692643980336
