705.877299540996 -93.2198831390476
704.765046487694 -93.2588591571246
701.432564517446 -93.3756798798016
695.892921254669 -93.5699485896642
688.167691154341 -93.8441854625822
678.286207256876 -94.2035969470619
666.285357741484 -94.6601916212073
652.208859420239 -95.2352436615444
636.106588632932 -95.9621017340231
618.03670641683 -96.8720633638653
598.06517450859 -97.9953072701689
576.265542045602 -99.3615322442996
552.722475851979 -100.972712946944
527.532100425935 -102.802368984977
500.797570980757 -104.819976449028
472.626874569871 -107.002727554355
443.136562801897 -109.306300514765
412.454550532782 -111.650728477667
380.714981758007 -113.942905296061
348.05679086997 -116.087792900962
314.621637941756 -117.996502552228
280.553575192142 -119.585569350223
246.002438695685 -120.750582966717
211.120262731145 -121.388826557978
176.057709069849 -121.414742987279
140.967236899558 -120.739920713314
106.001696343786 -119.277019105289
71.3115481092507 -116.951660207307
37.0439043241229 -113.709900319986
3.34142400113012 -109.516709735838
-29.6504983372947 -104.310585546337
-61.7965607823766 -98.0810060435169
-92.9917885033859 -90.989107736685
-123.130181966377 -83.1718615050421
-152.098656620316 -74.6967309183263
-179.790039823114 -65.6430237619115
-206.104621333012 -56.1060187633685
-230.948329065009 -46.1861556081882
-254.234359739798 -35.992252088527
-275.876389681936 -25.6007622788989
-295.792174740645 -15.0721350145035
-313.910409797192 -4.49412311628798
-330.165202033022 6.05523452974212
-344.499417473128 16.4914385836783
-356.869024387909 26.6932747462882
-367.241577792618 36.5180449436562
-375.601238406764 45.7670475192939
-381.867298855506 54.7056452442493
-386.041536389439 63.1322090230187
-388.128983127637 70.8762313825225
-387.79 80
-385.821365166447 85.4459577802777
-381.548662992509 91.4990952381333
-375.131920851457 97.2311483192217
-366.59846409839 102.608327445068
-356.044246140779 107.215214620775
-343.488654514833 111.173605299332
-328.940755603614 114.72496352864
-312.47025398873 117.776739546483
-294.14763207594 120.283144655454
-274.048991417453 122.208921626161
-252.259209731015 123.51224340858
-228.868421136659 124.161981188197
-203.96699379768 124.167290803866
-177.650570619235 123.545787029383
-150.034795991172 122.224192051532
-121.241422535821 120.128177521337
-91.3892320040715 117.23260939669
-60.599670356384 113.526677277481
-29.0003552919879 108.986086047019
3.26805235655513 103.528963757864
36.0537737460912 97.0209380149894
69.2316230090207 89.5153572807216
102.687766285619 81.1499848285113
136.29832159849 72.0083444861401
169.941830684156 62.1984646812878
203.501177663405 51.8564984132205
236.858901234847 41.1185412804393
269.898745166296 30.1247582072421
302.506164032061 19.0176216888558
334.566972097848 7.93338118650027
365.968229124209 -2.99942249325461
396.597963214722 -13.661707066168
426.349296848839 -23.9227528786354
455.119134827983 -33.6513182353667
482.801429421716 -42.7631164473755
509.290472563111 -51.1979062194528
534.491728890696 -58.8610042240186
558.312333446841 -65.6797410905663
580.647745259196 -71.6933900668618
601.393074903458 -76.9837711113873
620.469163947799 -81.5141309433309
637.822851235074 -85.1260461301709
653.390270989212 -87.7761045784849
667.087313834453 -89.5968401245223
678.815238101972 -90.8634276475337
688.496618390433 -91.7674206274838
696.075495011498 -92.417223255948
701.513440880884 -92.8650466176459
704.785261248057 -93.1312281832681
705.877299540996 -93.2198831390476
