476.408222985384 -41.8379262225811
475.670273535198 -41.9127842417107
473.459279190023 -42.1369305158185
469.783912144889 -42.5095359075804
464.658754411991 -43.0300450606151
458.103776151134 -43.6982067537583
450.144543659931 -44.5151296077452
440.811948980991 -45.4838526604108
430.141908025462 -46.6111740196626
418.175280748413 -47.9077183205098
404.957520366724 -49.3894646309541
390.538803783422 -51.0753101210608
374.975804105189 -52.9597796721605
358.331763718502 -55.0139219343014
340.674128720501 -57.2090643928892
322.073431346593 -59.5274727365418
302.604574533037 -61.9399882175925
282.348177160289 -64.3944233211297
261.388207382289 -66.8313816095165
239.811628456205 -69.1911248702428
217.707654456359 -71.4162545398013
195.167424791968 -73.4520551726293
172.284416290284 -75.2354050312148
149.153410503227 -76.707074103421
125.869052346802 -77.8200573183016
102.527420784422 -78.5208697772373
79.2251237622234 -78.7541428391923
56.0574043022386 -78.4781128638778
33.1188814281348 -77.6575640603974
10.5027715998205 -76.2625023877557
-11.6993710058447 -74.2712484693954
-33.3998098152294 -71.6916888718785
-54.5182748324781 -68.5958990942621
-74.9755517406301 -65.0464476563562
-94.692956816147 -61.0813115330479
-113.595286033305 -56.7481129528783
-131.611379455601 -52.1037753644115
-148.672829387786 -47.200022378035
-164.715254774046 -42.0897226795735
-179.676695105985 -36.8104130374714
-193.499299699606 -31.3964670251611
-206.131065341031 -25.8997880921289
-217.524356666004 -20.3695397864051
-227.635908390854 -14.8459902797643
-236.429115574525 -9.39131896661766
-243.875241124414 -4.0969310759008
-249.95282441104 0.920052353225429
-254.620208343698 5.85102599330689
-257.871051841521 10.533936693162
-259.683364708754 15.0575615142856
-260 20
-258.973063369199 23.5163145676072
-256.47462160777 27.1635808254402
-252.543245548075 30.5849162603616
-247.197338786147 33.7342554878095
-240.46959772701 36.4597944743293
-232.375441629271 38.8825965563878
-222.934488352211 41.1417277381907
-212.188436217769 43.1742420851361
-200.181273615392 44.9543918498104
-186.96018016948 46.4758305634736
-172.579278042752 47.7104725515645
-157.096859366179 48.635328547292
-140.57319887047 49.2559049217473
-123.072514148326 49.582859543236
-104.666990201851 49.576126379842
-85.4327273643155 49.1958198590133
-65.4471930406975 48.4237497905697
-44.7906928856342 47.2467847246558
-23.5469133108954 45.6433262109193
-1.8039547434401 43.570120907527
20.3468376482899 40.9673536007997
42.8183085671696 37.8498330945952
65.5251865696436 34.2706990878115
88.3806863401306 30.2765439946439
111.297893860571 25.9239084887797
134.190718122012 21.2800173469321
156.973261507142 16.4170478322863
179.560037889306 11.4076617748204
201.866228398978 6.32186937022056
223.807662872378 1.22680825741414
245.301686119343 -3.81177186208824
266.267275415384 -8.72811004856908
286.626143447745 -13.4494815325339
306.30239594805 -17.9038074545787
325.220647866521 -22.0482707909899
343.307033024243 -25.854643278729
360.493599067866 -29.2693113811993
376.714822634005 -32.2503603437209
391.903455506887 -34.8241061745747
405.994270302602 -37.0431389276703
418.932919020492 -38.8852447724929
430.676070215965 -40.2500061486926
441.17923534379 -41.1099560199891
450.393602091585 -41.5491718488493
458.267949661462 -41.7431165625545
464.760780806466 -41.8150451335115
469.840530950139 -41.835280538615
473.484354469106 -41.838316981398
475.676543900917 -41.8381124479
476.408222985384 -41.8379262225811
