925.283920834383 -357.673201694495
923.627383629424 -357.454942496051
918.6643574181 -356.800522445996
910.413703226595 -355.713958459646
898.900162587896 -354.218828128172
884.151153809988 -352.362893488085
866.188844002353 -350.238448870464
845.021408645171 -348.001659029962
820.637310914319 -345.885200853493
793.074896961417 -344.033889476574
762.422662617004 -342.50279693445
728.806030863507 -341.287984805151
692.346764511999 -340.419198201347
653.177056337959 -339.927506847695
611.452966178061 -339.811560872
567.362419420912 -340.017494506309
521.125439960623 -340.43503585452
472.996096966018 -340.895008984138
423.25139457718 -341.18966066167
372.186063234951 -341.086184246884
320.10202270732 -340.348619497393
267.290803134859 -338.777595276262
214.067166926315 -336.128197580074
160.745833686755 -332.16480217204
107.644919920954 -326.648794363413
55.0751782981175 -319.363919717147
3.33543886452844 -310.124100128225
-47.2803030159688 -298.753394254126
-96.5012381503327 -285.130066269147
-144.08130710558 -269.185257307595
-189.733121323258 -250.747313364985
-233.214321878737 -229.743145392818
-274.498862235075 -206.597569394294
-313.559270420372 -181.721601295256
-350.294579746041 -155.338495571115
-384.605405634397 -127.660197490231
-416.404074854625 -98.9078646702458
-445.63798949569 -69.3673268274786
-472.287223481909 -39.379246737213
-496.304050903654 -9.19791094410829
-517.585443342514 21.0773215861008
-536.079481586819 51.251329174814
-551.766038441572 81.0799889140721
-564.642207319744 110.307428503859
-574.722578137364 138.663705569928
-582.055822990646 165.829075685278
-586.776942417006 191.309237178425
-588.741565987781 215.300206375424
-587.775371431144 238.100305290524
-584.782707068978 257.497157799899
-576.98 280
-568.98180280419 294.721755494254
-556.985719433076 310.636179793062
-541.831774578327 325.812749447685
-523.429848887474 340.545637338034
-502.317897775607 353.679855449003
-478.817485112315 364.601945867538
-452.697082579271 374.033615466137
-424.106892410042 381.826090111492
-393.200431286396 387.853277851718
-360.130777834358 392.017267833477
-325.083694863069 394.17196991129
-288.242860809496 394.202100481115
-249.740637059331 392.137914368329
-209.696806593989 388.063942294537
-168.359104240464 381.784163249303
-126.00347294868 373.058239010676
-82.841533678034 361.815324646684
-39.0678437315621 348.043152535502
5.09316072847002 331.674101300873
49.3534385181187 312.505324273985
93.3504110682497 290.16881767382
136.933544395276 264.807818456477
180.076577116839 236.865849693056
222.67820161674 206.61506642789
264.655244041536 174.375773993984
305.957539317882 140.546459215545
346.530406526592 105.516223286245
386.331951962126 69.7022037946614
425.334439553929 33.5498794849952
463.493682552756 -2.53903841112793
500.761306529865 -38.1818931441961
537.08108275611 -73.0237204643558
572.415566423907 -106.677416652829
606.728444157396 -138.76699589593
639.940549927325 -169.034134045712
671.953167698629 -197.282017986957
702.702583220764 -223.252677172171
732.103935036346 -246.757173963106
759.97031586757 -267.869530249123
786.082968801826 -286.762608632821
810.353290034531 -303.328546277646
832.813999537276 -317.1987201532
853.395572257274 -328.273365872594
871.871946994155 -336.849897242008
887.8999548536 -343.53127168049
901.23101755839 -348.727677931542
911.707781280284 -352.665301615303
919.237944463024 -355.449236049205
923.770780390655 -357.117120896854
925.283920834383 -357.673201694495
