277.147579348792 -141.213744943986
285.467576319002 -123.532851381949
292.660963183212 -105.364430092298
298.699350929813 -86.7801835335023
303.558908801047 -67.8534552363945
307.220458342118 -48.6589403507638
309.669549089788 -29.2723908577239
310.896515601761 -9.7703166112518
310.896515601761 9.7703166112518
309.669549089788 29.2723908577239
307.220458342118 48.6589403507638
303.558908801047 67.8534552363946
298.699350929813 86.7801835335023
292.660963183212 105.364430092298
285.467576319002 123.532851381949
277.147579348792 141.213744943986
267.733807499577 158.337332369153
257.263412628102 174.836034680905
245.777716599459 190.644739038758
233.322048208554 205.701055708922
219.945564288076 219.945564288076
205.701055708922 233.322048208554
190.644739038758 245.777716599458
174.836034680905 257.263412628102
158.337332369153 267.733807499577
141.213744943986 277.147579348792
123.532851381949 285.467576319002
105.364430092298 292.660963183212
86.7801835335025 298.699350929813
67.8534552363948 303.558908801047
48.6589403507642 307.220458342117
29.2723908577242 309.669549089788
9.77031661125217 310.896515601761
-9.7703166112513 310.896515601761
-29.2723908577234 309.669549089788
-48.6589403507634 307.220458342118
-67.853455236394 303.558908801047
-86.7801835335017 298.699350929813
-105.364430092297 292.660963183212
-123.532851381948 285.467576319003
-141.213744943985 277.147579348792
-158.337332369152 267.733807499577
-174.836034680905 257.263412628103
-190.644739038758 245.777716599459
-205.701055708921 233.322048208555
-219.945564288075 219.945564288076
-233.322048208554 205.701055708923
-245.777716599458 190.644739038759
-257.263412628102 174.836034680906
-267.733807499576 158.337332369154
-277.147579348791 141.213744943987
-285.467576319002 123.532851381949
-292.660963183211 105.364430092299
-298.699350929813 86.7801835335033
-303.558908801047 67.8534552363956
-307.220458342117 48.6589403507648
-309.669549089788 29.2723908577252
-310.896515601761 9.77031661125307
-310.896515601761 -9.77031661125061
-309.669549089788 -29.2723908577227
-307.220458342118 -48.6589403507627
-303.558908801048 -67.8534552363932
-298.699350929814 -86.780183533501
-292.660963183212 -105.364430092297
-285.467576319003 -123.532851381947
-277.147579348792 -141.213744943985
-267.733807499577 -158.337332369152
-257.263412628103 -174.836034680904
-245.777716599459 -190.644739038757
-233.322048208555 -205.701055708921
-219.945564288077 -219.945564288074
-205.701055708923 -233.322048208553
-190.64473903876 -245.777716599457
-174.836034680906 -257.263412628102
-158.337332369154 -267.733807499576
-141.213744943987 -277.147579348791
-123.532851381949 -285.467576319002
-105.364430092299 -292.660963183211
-86.7801835335032 -298.699350929813
-67.8534552363953 -303.558908801047
-48.6589403507644 -307.220458342117
-29.2723908577246 -309.669549089788
-9.7703166112521 -310.896515601761
9.77031661125139 -310.896515601761
29.2723908577237 -309.669549089788
48.6589403507637 -307.220458342118
67.8534552363946 -303.558908801047
86.7801835335025 -298.699350929813
105.364430092298 -292.660963183212
123.532851381949 -285.467576319002
141.213744943987 -277.147579348792
158.337332369154 -267.733807499576
174.836034680906 -257.263412628102
190.644739038759 -245.777716599458
205.701055708923 -233.322048208554
219.945564288076 -219.945564288075
233.322048208555 -205.701055708921
245.777716599459 -190.644739038757
257.263412628103 -174.836034680904
267.733807499577 -158.337332369152
277.147579348793 -141.213744943985
