582.727145001499 -55.7970244016753
581.818811368975 -55.8611486542304
579.097327995876 -56.0531128941579
574.573353519133 -56.3723431526508
568.264772592241 -56.8189317156685
560.195949083532 -57.3945537338788
550.39798052201 -58.103410148613
538.908226900857 -58.9539071063341
525.769876643148 -59.9607962563795
511.032226830722 -61.1420120462516
494.750233167097 -62.5201710146568
476.984673829613 -64.1203997546546
457.805158462072 -65.9392799699534
437.290213078842 -67.9456801807449
415.523687589662 -70.1074508573992
392.592930401239 -72.4046316063883
368.591284161075 -74.8019880754595
343.620165335214 -77.2351955021134
317.78542292519 -79.6309542585332
291.196561259628 -81.9159376014273
263.96565464204 -84.0205902248352
236.206902470348 -85.8798064270347
208.038294607307 -87.4133128775774
179.579389642997 -88.5445813673342
150.948880230825 -89.2137818150732
122.267364969559 -89.3541863602611
93.6561995729135 -88.8965082801559
65.2347133418516 -87.7863791915155
37.1207489959015 -85.9813081457094
9.4297406401169 -83.4492037615718
-17.7238685547954 -80.1563060896587
-44.2317952033364 -76.1073007924029
-70.0001692055561 -71.4078055436668
-94.9355416908446 -66.1475930211434
-118.942855047501 -60.3755382914152
-141.931838486105 -54.1532844160939
-163.817781423739 -47.5556081177734
-184.519253424875 -40.6517877918305
-203.959946402033 -33.5135131129913
-222.06589704416 -26.1935723851018
-238.767968956048 -18.7399869166972
-254.004698598287 -11.220237353202
-267.719201124034 -3.69259263061208
-279.860752977236 3.78585861811763
-290.388060487705 11.1282749191897
-299.269726443979 18.2203080527319
-306.48487376279 24.9116850875387
-311.974638619325 31.4353455232602
-315.735869448645 37.6090424766555
-317.747486527116 43.4598819975446
-317.88 50
-316.466432677446 54.3649736735097
-313.224343306671 58.9886455525606
-308.228112072403 63.3280059849113
-301.502415797105 67.3253282778118
-293.100257603615 70.7384932277783
-283.036415696676 73.7098443324829
-271.327810350845 76.423337230354
-258.028236007651 78.8026616086673
-243.193237196465 80.8133471587882
-226.882233988749 82.4384526063527
-209.162574557059 83.647176840716
-190.106534896697 84.4149584570835
-169.788308500639 84.7467697424593
-148.286651285143 84.6546014970207
-125.692175095389 84.0883813094897
-102.10033905234 82.9979670678159
-77.6072163393332 81.3614102872201
-52.3119117973278 79.1651533327064
-26.3178092638447 76.3871934885454
0.264429214636095 72.9707746499387
27.3183564531571 68.8293249260052
54.7383868903416 63.9904954613753
82.4236934325235 58.5364344461666
110.26972848846 52.5277229744341
138.172646284951 46.0410204228308
166.03053171125 39.170198344182
193.741728459586 32.013663066145
221.205041105466 24.6698580785797
248.320079880706 17.2347583363394
274.987345311051 9.80259074498744
301.108938388679 2.46410727091119
326.58839129696 -4.69485603010949
351.33295884874 -11.5793135386431
375.252963077766 -18.0938182190081
398.258096565388 -24.1793705094206
420.259310517715 -29.795014197129
441.175693437613 -34.8701622948489
460.928688651102 -39.3499347423581
479.434626103385 -43.2649500371404
496.611171087215 -46.6787615162239
512.392490912561 -49.5626358008238
526.729508552983 -51.7918391476434
539.568622506874 -53.3322272465202
550.846126137673 -54.2885283431012
560.491503650901 -54.8786176136026
568.448510284519 -55.2548472869444
574.675341850656 -55.5041578648694
579.142492745593 -55.6686437039567
581.830099911479 -55.7650538718587
582.727145001499 -55.7970244016753
