1.0000000 0.0000000
0.9960574 0.0007575
0.9842916 0.0030206
0.9648883 0.0067842
0.9381534 0.0120983
0.9045085 0.0190885
0.8644844 0.0278707
0.8187120 0.0382602
0.7679134 0.0499261
0.7128897 0.0623157
0.6545085 0.0746563
0.5936907 0.0861872
0.5313953 0.0960822
0.4686048 0.1035895
0.4063094 0.1080153
0.3454915 0.1088686
0.2871104 0.1059664
0.2320866 0.0999825
0.1812880 0.0913742
0.1355157 0.0806975
0.0954915 0.0684522
0.0618467 0.0550836
0.0351118 0.0411103
0.0157084 0.0274210
0.0039426 0.0140564
0.0000000 0.0000000
0.0039426 -0.0108021
0.0157084 -0.0221474
0.0351118 -0.0322773
0.0618467 -0.0418050
0.0954915 -0.0504853
0.1355157 -0.0579918
0.1812880 -0.0641536
0.2320866 -0.0686735
0.2871104 -0.0711149
0.3454915 -0.0711632
0.4063094 -0.0681632
0.4686048 -0.0623908
0.5313953 -0.0544226
0.5936907 -0.0450303
0.6545085 -0.0350200
0.7128897 -0.0251530
0.7679134 -0.0161648
0.8187120 -0.0086508
0.8644844 -0.0030350
0.9045085 0.0006836
0.9381534 0.0026036
0.9648883 0.0023466
0.9842916 0.0012004
0.9960574 0.0003100
1.0000000 0.0000000
