0 0 0 0
0.267 1.484 0.733 -1.284
0.487 1.833 1.013 -1.553
0.945 2.410 1.555 -1.982
2.140 3.455 2.860 -2.711
4.593 4.975 5.407 -3.711
7.077 6.139 7.923 -4.443
9.577 7.087 10.423 -5.019
14.602 8.560 15.398 -5.868
19.645 9.632 20.355 -6.448
24.699 10.385 25.301 -6.805
29.760 10.854 30.240 -6.966
34.823 11.058 35.177 -6.938
39.886 10.986 40.114 -6.702
44.949 10.672 45.054 -6.292
50.000 10.148 50.000 -5.736
55.046 9.446 54.954 -5.066
60.083 8.596 59.917 -4.312
65.110 7.626 64.890 -3.506
70.125 6.564 69.875 -2.676
75.128 5.438 74.872 -1.858
80.119 4.280 79.881 -1.096
85.099 3.130 84.901 -0.438
90.069 2.017 89.931 0.051
95.032 0.978 94.968 0.286
100.000 0 100.000 0