1.0000000000 0.0000000000
0.9990133642 0.0313952598
0.9960573507 0.0626666168
0.9911436254 0.0936906573
0.9842915806 0.1243449436
0.9755282581 0.1545084972
0.9648882429 0.1840622763
0.9524135262 0.2128896458
0.9381533400 0.2408768371
0.9221639628 0.2679133975
0.9045084972 0.2938926261
0.8852566214 0.3187119949
0.8644843137 0.3422735530
0.8422735530 0.3644843137
0.8187119949 0.3852566214
0.7938926261 0.4045084972
0.7679133975 0.4221639628
0.7408768371 0.4381533400
0.7128896458 0.4524135262
0.6840622763 0.4648882429
0.6545084972 0.4755282581
0.6243449436 0.4842915806
0.5936906573 0.4911436254
0.5626666168 0.4960573507
0.5313952598 0.4990133642
0.5000000000 0.5000000000
0.4686047402 0.4990133642
0.4373333832 0.4960573507
0.4063093427 0.4911436254
0.3756550564 0.4842915806
0.3454915028 0.4755282581
0.3159377237 0.4648882429
0.2871103542 0.4524135262
0.2591231629 0.4381533400
0.2320866025 0.4221639628
0.2061073739 0.4045084972
0.1812880051 0.3852566214
0.1577264470 0.3644843137
0.1355156863 0.3422735530
0.1147433786 0.3187119949
0.0954915028 0.2938926261
0.0778360372 0.2679133975
0.0618466600 0.2408768371
0.0475864738 0.2128896458
0.0351117571 0.1840622763
0.0244717419 0.1545084972
0.0157084194 0.1243449436
0.0088563746 0.0936906573
0.0039426493 0.0626666168
0.0009866358 0.0313952598
0.0000000000 -0.0000000000
0.0009866358 -0.0313952598
0.0039426493 -0.0626666168
0.0088563746 -0.0936906573
0.0157084194 -0.1243449436
0.0244717419 -0.1545084972
0.0351117571 -0.1840622763
0.0475864738 -0.2128896458
0.0618466600 -0.2408768371
0.0778360372 -0.2679133975
0.0954915028 -0.2938926261
0.1147433786 -0.3187119949
0.1355156863 -0.3422735530
0.1577264470 -0.3644843137
0.1812880051 -0.3852566214
0.2061073739 -0.4045084972
0.2320866025 -0.4221639628
0.2591231629 -0.4381533400
0.2871103542 -0.4524135262
0.3159377237 -0.4648882429
0.3454915028 -0.4755282581
0.3756550564 -0.4842915806
0.4063093427 -0.4911436254
0.4373333832 -0.4960573507
0.4686047402 -0.4990133642
0.5000000000 -0.5000000000
0.5313952598 -0.4990133642
0.5626666168 -0.4960573507
0.5936906573 -0.4911436254
0.6243449436 -0.4842915806
0.6545084972 -0.4755282581
0.6840622763 -0.4648882429
0.7128896458 -0.4524135262
0.7408768371 -0.4381533400
0.7679133975 -0.4221639628
0.7938926261 -0.4045084972
0.8187119949 -0.3852566214
0.8422735530 -0.3644843137
0.8644843137 -0.3422735530
0.8852566214 -0.3187119949
0.9045084972 -0.2938926261
0.9221639628 -0.2679133975
0.9381533400 -0.2408768371
0.9524135262 -0.2128896458
0.9648882429 -0.1840622763
0.9755282581 -0.1545084972
0.9842915806 -0.1243449436
0.9911436254 -0.0936906573
0.9960573507 -0.0626666168
0.9990133642 -0.0313952598
1.0000000000 -0.0000000000