1.0000000 0.0000000
0.9990134 0.0001871
0.9960574 0.0007475
0.9911436 0.0016792
0.9842916 0.0029800
0.9755283 0.0046486
0.9648883 0.0066856
0.9524136 0.0090954
0.9381534 0.0118886
0.9221640 0.0150785
0.9045085 0.0186828
0.8852567 0.0227212
0.8644844 0.0271810
0.8422736 0.0320180
0.8187120 0.0371862
0.7938927 0.0426525
0.7679134 0.0483663
0.7408769 0.0542441
0.7128897 0.0601920
0.6840623 0.0661156
0.6545085 0.0719243
0.6243450 0.0775321
0.5936907 0.0828359
0.5626667 0.0877365
0.5313953 0.0921531
0.5000000 0.0959971
0.4686048 0.0991770
0.4373334 0.1016179
0.4063094 0.1032581
0.3756551 0.1040476
0.3454915 0.1039347
0.3159378 0.1029106
0.2871104 0.1010789
0.2591232 0.0985259
0.2320866 0.0952929
0.2061074 0.0914358
0.1812880 0.0870256
0.1577265 0.0821277
0.1355157 0.0768108
0.1147434 0.0711232
0.0954915 0.0651086
0.0778360 0.0588330
0.0618467 0.0523529
0.0475865 0.0457243
0.0351118 0.0390370
0.0244717 0.0324122
0.0157084 0.0260118
0.0088564 0.0195731
0.0039426 0.0132953
0.0009866 0.0071460
0.0000000 0.0000000
0.0009866 -0.0049626
0.0039426 -0.0104438
0.0088564 -0.0158393
0.0157084 -0.0210827
0.0244717 -0.0259020
0.0351118 -0.0304512
0.0475865 -0.0349296
0.0618467 -0.0392467
0.0778360 -0.0433576
0.0954915 -0.0472361
0.1147434 -0.0508398
0.1355157 -0.0541325
0.1577265 -0.0571101
0.1812880 -0.0597756
0.2061074 -0.0620625
0.2320866 -0.0639036
0.2591232 -0.0652625
0.2871104 -0.0661116
0.3159378 -0.0664135
0.3454915 -0.0660918
0.3756551 -0.0650367
0.4063094 -0.0632649
0.4373334 -0.0608534
0.4686048 -0.0578551
0.5000000 -0.0543406
0.5313953 -0.0503996
0.5626667 -0.0461268
0.5936907 -0.0416170
0.6243450 -0.0369624
0.6545085 -0.0322534
0.6840623 -0.0275768
0.7128897 -0.0230142
0.7408769 -0.0186577
0.7679134 -0.0146003
0.7938927 -0.0108950
0.8187120 -0.0075752
0.8422736 -0.0047078
0.8644844 -0.0023428
0.8852567 -0.0004359
0.9045085 0.0010931
0.9221640 0.0022212
0.9381534 0.0028181
0.9524136 0.0028533
0.9648883 0.0024497
0.9755283 0.0018550
0.9842916 0.0012433
0.9911436 0.0007152
0.9960574 0.0003206
0.9990134 0.0000804
1.0000000 0.0000000
