1.0000000 0.0000000
0.9990134 0.0001963
0.9960574 0.0007840
0.9911436 0.0017614
0.9842916 0.0031291
0.9755283 0.0048921
0.9648883 0.0070641
0.9524136 0.0096721
0.9381534 0.0127608
0.9221640 0.0163585
0.9045085 0.0204793
0.8852567 0.0251274
0.8644844 0.0302957
0.8422736 0.0359599
0.8187120 0.0420875
0.7938927 0.0486383
0.7679134 0.0555477
0.7408769 0.0627199
0.7128897 0.0700421
0.6840623 0.0773941
0.6545085 0.0846574
0.6243450 0.0917206
0.5936907 0.0984565
0.5626667 0.1047380
0.5313953 0.1104406
0.5000000 0.1154469
0.4686048 0.1196497
0.4373334 0.1229485
0.4063094 0.1252635
0.3756551 0.1265347
0.3454915 0.1266629
0.3159378 0.1255974
0.2871104 0.1234822
0.2591232 0.1204478
0.2320866 0.1165548
0.2061074 0.1118625
0.1812880 0.1064385
0.1577265 0.1003768
0.1355157 0.0937926
0.1147434 0.0867520
0.0954915 0.0792845
0.0778360 0.0714581
0.0618467 0.0633553
0.0475865 0.0550609
0.0351118 0.0466755
0.0244717 0.0383274
0.0157084 0.0302117
0.0088564 0.0221177
0.0039426 0.0141843
0.0009866 0.0068166
0.0000000 0.0000000
0.0009866 -0.0079850
0.0039426 -0.0148744
0.0088564 -0.0218191
0.0157084 -0.0289132
0.0244717 -0.0356908
0.0351118 -0.0421232
0.0475865 -0.0484461
0.0618467 -0.0545616
0.0778360 -0.0604147
0.0954915 -0.0659572
0.1147434 -0.0711177
0.1355157 -0.0758369
0.1577265 -0.0801186
0.1812880 -0.0839756
0.2061074 -0.0873015
0.2320866 -0.0899818
0.2591232 -0.0919735
0.2871104 -0.0932514
0.3159378 -0.0937609
0.3454915 -0.0933900
0.3756551 -0.0919725
0.4063094 -0.0895491
0.4373334 -0.0862600
0.4686048 -0.0821764
0.5000000 -0.0773912
0.5313953 -0.0720268
0.5626667 -0.0662007
0.5936907 -0.0600422
0.6243450 -0.0536930
0.6545085 -0.0472761
0.6840623 -0.0409059
0.7128897 -0.0346916
0.7408769 -0.0287545
0.7679134 -0.0232138
0.7938927 -0.0181400
0.8187120 -0.0135785
0.8422736 -0.0096082
0.8644844 -0.0062840
0.8852567 -0.0035459
0.9045085 -0.0012918
0.9221640 0.0004562
0.9381534 0.0015529
0.9524136 0.0019664
0.9648883 0.0018379
0.9755283 0.0014466
0.9842916 0.0009876
0.9911436 0.0005727
0.9960574 0.0002574
0.9990134 0.0000646
1.0000000 0.0000000
