1.0000000 0.0000000
0.9990134 0.0002103
0.9960574 0.0008402
0.9911436 0.0018879
0.9842916 0.0033573
0.9755283 0.0052603
0.9648883 0.0076258
0.9524136 0.0105068
0.9381534 0.0139867
0.9221640 0.0181126
0.9045085 0.0228946
0.8852567 0.0283185
0.8644844 0.0343755
0.8422736 0.0410494
0.8187120 0.0483089
0.7938927 0.0561016
0.7679134 0.0643455
0.7408769 0.0729268
0.7128897 0.0817121
0.6840623 0.0905544
0.6545085 0.0993069
0.6243450 0.1078365
0.5936907 0.1159889
0.5626667 0.1236119
0.5313953 0.1305533
0.5000000 0.1366708
0.4686048 0.1418356
0.4373334 0.1459251
0.4063094 0.1488426
0.3756551 0.1505165
0.3454915 0.1508264
0.3159378 0.1497041
0.2871104 0.1473210
0.2591232 0.1438383
0.2320866 0.1393298
0.2061074 0.1338656
0.1812880 0.1275228
0.1577265 0.1204116
0.1355157 0.1126693
0.1147434 0.1043853
0.0954915 0.0955867
0.0778360 0.0863480
0.0618467 0.0767670
0.0475865 0.0669497
0.0351118 0.0570078
0.0244717 0.0470839
0.0157084 0.0374159
0.0088564 0.0278318
0.0039426 0.0182922
0.0009866 0.0096664
0.0000000 0.0000000
0.0009866 -0.0081927
0.0039426 -0.0167491
0.0088564 -0.0254671
0.0157084 -0.0344904
0.0244717 -0.0432498
0.0351118 -0.0515403
0.0475865 -0.0596871
0.0618467 -0.0675909
0.0778360 -0.0751736
0.0954915 -0.0823748
0.1147434 -0.0891015
0.1355157 -0.0952796
0.1577265 -0.1009027
0.1812880 -0.1059844
0.2061074 -0.1104000
0.2320866 -0.1140056
0.2591232 -0.1167402
0.2871104 -0.1185681
0.3159378 -0.1194225
0.3454915 -0.1191695
0.3756551 -0.1175998
0.4063094 -0.1147524
0.4373334 -0.1108015
0.4686048 -0.1058380
0.5000000 -0.0999768
0.5313953 -0.0933701
0.5626667 -0.0861649
0.5936907 -0.0785220
0.6243450 -0.0706166
0.6545085 -0.0626026
0.6840623 -0.0546249
0.7128897 -0.0468181
0.7408769 -0.0393313
0.7679134 -0.0323118
0.7938927 -0.0258493
0.8187120 -0.0200045
0.8422736 -0.0148720
0.8644844 -0.0105157
0.8852567 -0.0068700
0.9045085 -0.0038220
0.9221640 -0.0013994
0.9381534 0.0002355
0.9524136 0.0010508
0.9648883 0.0012103
0.9755283 0.0010294
0.9842916 0.0007269
0.9911436 0.0004277
0.9960574 0.0001931
0.9990134 0.0000485
1.0000000 0.0000000
