1.0000000 0.0000000
0.9990134 0.0002188
0.9960574 0.0008741
0.9911436 0.0019641
0.9842916 0.0034947
0.9755283 0.0054822
0.9648883 0.0079640
0.9524136 0.0110090
0.9381534 0.0147244
0.9221640 0.0191682
0.9045085 0.0243483
0.8852567 0.0302389
0.8644844 0.0368301
0.8422736 0.0441106
0.8187120 0.0520499
0.7938927 0.0605877
0.7679134 0.0696321
0.7408769 0.0790581
0.7128897 0.0887189
0.6840623 0.0984530
0.6545085 0.1080961
0.6243450 0.1175024
0.5936907 0.1265011
0.5626667 0.1349256
0.5313953 0.1426073
0.5000000 0.1493891
0.4686048 0.1551298
0.4373334 0.1596937
0.4063094 0.1629740
0.3756551 0.1648925
0.3454915 0.1653167
0.3159378 0.1641672
0.2871104 0.1616307
0.2591232 0.1578874
0.2320866 0.1530187
0.2061074 0.1471012
0.1812880 0.1402179
0.1577265 0.1324877
0.1355157 0.1240605
0.1147434 0.1150419
0.0954915 0.1054570
0.0778360 0.0953839
0.0618467 0.0849289
0.0475865 0.0742069
0.0351118 0.0633425
0.0244717 0.0524893
0.0157084 0.0418962
0.0088564 0.0314471
0.0039426 0.0209740
0.0009866 0.0116484
0.0000000 0.0000000
0.0009866 -0.0081748
0.0039426 -0.0176535
0.0088564 -0.0274041
0.0157084 -0.0375766
0.0244717 -0.0475468
0.0351118 -0.0569763
0.0475865 -0.0662351
0.0618467 -0.0752273
0.0778360 -0.0838666
0.0954915 -0.0920795
0.1147434 -0.0997645
0.1355157 -0.1068344
0.1577265 -0.1132775
0.1812880 -0.1191090
0.2061074 -0.1241930
0.2320866 -0.1283682
0.2591232 -0.1315621
0.2871104 -0.1337319
0.3159378 -0.1348041
0.3454915 -0.1346320
0.3756551 -0.1329801
0.4063094 -0.1298842
0.4373334 -0.1255394
0.4686048 -0.1200491
0.5000000 -0.1135419
0.5313953 -0.1061880
0.5626667 -0.0981525
0.5936907 -0.0896156
0.6243450 -0.0807730
0.6545085 -0.0717975
0.6840623 -0.0628525
0.7128897 -0.0540874
0.7408769 -0.0456697
0.7679134 -0.0377621
0.7938927 -0.0304660
0.8187120 -0.0238513
0.8422736 -0.0180222
0.8644844 -0.0130477
0.8852567 -0.0088586
0.9045085 -0.0053350
0.9221640 -0.0025086
0.9381534 -0.0005520
0.9524136 0.0005031
0.9648883 0.0008342
0.9755283 0.0007791
0.9842916 0.0005705
0.9911436 0.0003406
0.9960574 0.0001545
0.9990134 0.0000389
1.0000000 0.0000000
